arena	-1.53326	0.766626	-1.5708
bin_a	-2.13071	-1.16221	3.1416
bin_b	-2.06762	-1.6091	3.1416
chair_a	1.89863	0.880441	1.5708
chair_b	0.762367	0.748039	1.5708
current_loc	-1.53559	0.762244
current_person	-1.5242	0.77334
drawer	-1.92741	0.904375	3.1416
entrance	-1.53626	0.784252	-1.5708
entrance_door	-2.4	2.39	-1.5708
exit	-2.4	2.39	-1.5708
exitdoor	-2.40378	2.37562
initial_point	-1.5392	0.775414	-1.5708
long_table_a	-2.01821	-0.565884	3.1416
long_table_a_1	-2.05156	-0.137564	3.1416
long_table_a_2	-2.01335	-0.762653	3.1416
long_table_b	-0.769308	-0.0370872	-0
long_table_b_1	-0.78791	0.205609	-0
long_table_b_2	-0.746774	-0.350708	-0
shelf	2.12774	-1.10718	-0
tall_table	-0.83211	1.12687	-0
